u16 tone[]={0, L1, L2, L3, L4, 5, 6, L7, 8, 9, 10, 11, 12, 13, M7, 15, 16, 17, H4, H5, H6, H7};
# define 0 0
# define L1 1
# define L2 2
# define L3 3
# define L4 4
# define 5 5
# define 6 6
# define L7 7
# define 8 8
# define 9 9
# define 10 10
# define 11 11
# define 12 12
# define 13 13
# define M7 14
# define 15 15
# define 16 16
# define 17 17
# define H4 18
# define H5 19
# define H6 20
# define H7 21

//荷塘月色
u8 music_arr1[]={
  8,12,6,5,6,
  8,8,9,10,
  9,9,8,9,9,12,
  12,10,10,9,10,
  8,8,6,5,12,
  10,9,10,9,8,
  9,9,8,9,9,10,
  9,8,6,9,8,
  8,8,6,5,6,
  8,8,9,10,
  9,9,8,9,9,12,
  12,10,10,9,10,
  8,8,8,6,5,12,
  10,9,10,9,8,
  9,9,8,9,9,10,
  9,8,6,9,8,
  10,12,12,12,12,
  13,12,10,9,8,
  13,15,13,10,9,8,6,
  9,9,10,10,9,
  10,12,12,12,12,
  13,12,10,9,8,
  6,8,6,5,9,10,
  8,0
};

u8 time_arr1[]={
  2,4,2,4,4,
  4,2,2,8,
  2,4,2,4,2,2,
  2,2,2,2,8,
  2,4,2,4,4,
  2,2,2,2,8,
  2,4,2,2,4,2,
  2,2,2,2,8,
  2,4,2,4,4,
  2,4,2,8,
  2,4,2,4,2,2,
  2,2,2,2,8,
  2,2,2,2,4,4,
  2,2,2,2,8,
  2,4,2,2,4,2,
  2,2,2,2,8,
  2,4,2,4,4,
  2,2,2,2,8,
  2,2,2,2,2,2,2,2,
  4,2,2,2,6,
  2,4,2,4,4,
  2,2,2,2,8,
  2,2,2,2,4,4,
  12,4
}

// 沉默是金
u8 music_arr2[]={
  10,12,12,13,12,12,10,9,
  10,10,10,9,8,8,
  13,15,15,16,15,15,13,12,10,
  12,
  13,15,15,16,15,15,13,12,10,
  12,12,12,13,10,10,12,10,
  
  9,13,12,10,9,10,
  12,
  
  10,12,12,13,12,12,10,9,
  10,10,10,9,8,8,
  13,15,15,16,15,15,13,12,10,
  12,
  13,15,15,16,15,15,13,12,10,
  12,12,12,13,10,10,12,10,

  9,13,12,10,9,
  8,
  15,15,16,17,17,17,16,15,
  13,15,15,13,12,12,
  13,15,15,16,15,15,13,12,10,
  12,
  13,15,15,16,15,
  13,12,12,13,10,10,12,10,
  9,10,9,9,10,11,
  12,
  10,12,12,13,12,12,10,9,
  10,10,10,9,8,8,
  13,15,15,16,15,15,13,12,10,
  12,
  13,15,15,16,15,15,13,12,10,
  12,12,12,13,10,10,12,10,
  9,9,13,12,10,9,
  8
}
u8 time_arr2[]={
  2,2,2,1,1,4,1,3,
  2,2,2,1,1,8,
  2,2,2,1,1,4,2,2,2,
  16,
  2,2,2,1,1,4,2,2,2,
  2,2,2,1,1,4,2,2,
  
  6,2,4,2,2,2,
  16,

  2,2,2,1,1,4,1,3,
  2,2,2,1,1,8,
  2,2,2,1,1,4,2,2,2,
  16,
  2,2,2,1,1,4,2,2,2,
  2,2,2,1,1,4,2,2,

  6,2,4,2,2,
  16,
  4,2,1,1,3,1,1,3,
  2,2,2,1,1,8,
  2,2,2,1,1,4,2,2,2,
  16,
  6,2,2,2,4,
  2,2,2,1,1,4,2,2,
  6,2,4,2,2,2,
  16,
  2,2,2,1,1,4,1,3,
  2,2,2,1,1,8,
  2,2,2,1,1,4,2,2,2,
  16,
  2,2,2,1,1,4,2,2,2,
  2,2,2,1,1,4,2,2,
  2,4,2,2,4,2,
  16
}